{
 "cells": [
  {
   "cell_type": "markdown",
   "id": "809be781-c15d-43ed-aa13-3558c5e525bf",
   "metadata": {},
   "source": [
    "Rafaela Ayumi Uehara"
   ]
  },
  {
   "cell_type": "code",
   "execution_count": 1,
   "id": "eafc3617-313e-46c7-b028-8359e6968615",
   "metadata": {},
   "outputs": [
    {
     "name": "stdout",
     "output_type": "stream",
     "text": [
      "[[    1    58 40189     7]\n",
      " [    2    48 59118     8]\n",
      " [    3    34 75773    14]\n",
      " [    4    27 93810    17]\n",
      " [    5    40 41899     4]\n",
      " [    6    58 96886     2]\n",
      " [    7    38 41267     6]\n",
      " [    8    42 71551     4]\n",
      " [    9    30 90680    29]\n",
      " [   10    30 51394    18]\n",
      " [   11    43 43556    26]\n",
      " [   12    55 43890    34]\n",
      " [   13    59 81606    10]\n",
      " [   14    43 70740    14]\n",
      " [   15    22 54502    31]\n",
      " [   16    41 61777    15]\n",
      " [   17    21 50627     8]\n",
      " [   18    43 48792    14]\n",
      " [   19    49 83323    23]\n",
      " [   20    57 83021    21]\n",
      " [   21    21 48433    16]\n",
      " [   22    40 83001    18]\n",
      " [   23    52 51016    24]\n",
      " [   24    31 63897    26]\n",
      " [   25    41 42612    25]\n",
      " [   26    44 96193    29]\n",
      " [   27    46 98707    15]\n",
      " [   28    47 95387     1]\n",
      " [   29    35 94638    25]\n",
      " [   30    34 63483     7]]\n"
     ]
    }
   ],
   "source": [
    "import numpy as np\n",
    "import pandas as pd\n",
    "\n",
    "# Definindo uma semente para garantir que os dados sejam reprodutíveis\n",
    "np.random.seed(42)\n",
    "\n",
    "# Criando um dataset fictício de 30 linhas (30 funcionários) com as colunas ID, Idade, Salário, Anos de Experiência\n",
    "n = 30\n",
    "ids = np.arange(1, n + 1)  # IDs de 1 a 30\n",
    "idades = np.random.randint(20, 60, size=n)  # Idades entre 20 e 60 anos\n",
    "salarios = np.random.randint(40000, 100000, size=n)  # Salários entre 40.000 e 100.000\n",
    "anos_experiencia = np.random.randint(1, 35, size=n)  # Anos de experiência entre 1 e 35 anos\n",
    "\n",
    "# Combinando os dados em um array\n",
    "dataset = np.column_stack((ids, idades, salarios, anos_experiencia))\n",
    "\n",
    "# Convertendo para DataFrame para visualização\n",
    "df = pd.DataFrame(dataset, columns=['ID', 'Idade', 'Salário', 'Anos de Experiência'])\n",
    "\n",
    "# Exibindo o DataFrame\n",
    "# print(df)\n",
    "\n",
    "#Transformar em array\n",
    "a=np.array(df)\n",
    "print(a)"
   ]
  },
  {
   "cell_type": "markdown",
   "id": "dfacd6c0-6f36-4b59-b0a6-480547dbd625",
   "metadata": {},
   "source": [
    "Redimensionar o dataset (por exemplo, transformar 30 linhas em 10 linhas e 12 colunas)"
   ]
  },
  {
   "cell_type": "code",
   "execution_count": 2,
   "id": "8cada483-7f6a-4806-b6c6-351f3b6d84b7",
   "metadata": {},
   "outputs": [
    {
     "name": "stdout",
     "output_type": "stream",
     "text": [
      "[[    1    58 40189     7     2    48 59118     8     3    34 75773    14]\n",
      " [    4    27 93810    17     5    40 41899     4     6    58 96886     2]\n",
      " [    7    38 41267     6     8    42 71551     4     9    30 90680    29]\n",
      " [   10    30 51394    18    11    43 43556    26    12    55 43890    34]\n",
      " [   13    59 81606    10    14    43 70740    14    15    22 54502    31]\n",
      " [   16    41 61777    15    17    21 50627     8    18    43 48792    14]\n",
      " [   19    49 83323    23    20    57 83021    21    21    21 48433    16]\n",
      " [   22    40 83001    18    23    52 51016    24    24    31 63897    26]\n",
      " [   25    41 42612    25    26    44 96193    29    27    46 98707    15]\n",
      " [   28    47 95387     1    29    35 94638    25    30    34 63483     7]]\n"
     ]
    }
   ],
   "source": [
    "aRedimensionado = np.resize (a,(10,12))\n",
    "print (aRedimensionado)"
   ]
  },
  {
   "cell_type": "markdown",
   "id": "0b337ea7-b55e-4769-9bc3-8a0af27e69bc",
   "metadata": {},
   "source": [
    "Acessar o primeiro elemento (primeira linha) do dataset"
   ]
  },
  {
   "cell_type": "code",
   "execution_count": 3,
   "id": "a2b9d58d-747b-46d3-a0b8-31df9c13269c",
   "metadata": {},
   "outputs": [
    {
     "name": "stdout",
     "output_type": "stream",
     "text": [
      "[    1    58 40189     7]\n"
     ]
    }
   ],
   "source": [
    "aPrimeiro = a[0]\n",
    "print (aPrimeiro)"
   ]
  },
  {
   "cell_type": "markdown",
   "id": "e4b38fc5-6da9-444e-9687-9ca681967948",
   "metadata": {},
   "source": [
    "Acessar o salário (terceira coluna) da terceira pessoa"
   ]
  },
  {
   "cell_type": "code",
   "execution_count": 4,
   "id": "652d351f-daf3-44e6-8255-b644cf3ff7a3",
   "metadata": {},
   "outputs": [
    {
     "name": "stdout",
     "output_type": "stream",
     "text": [
      "75773\n"
     ]
    }
   ],
   "source": [
    "aSalarioTerceiro = a[2,2]\n",
    "print (aSalarioTerceiro)"
   ]
  },
  {
   "cell_type": "markdown",
   "id": "14d3f973-f91c-49e1-b3cf-481bb3b8b560",
   "metadata": {},
   "source": [
    "Selecionar os salários de todos os funcionários"
   ]
  },
  {
   "cell_type": "code",
   "execution_count": 5,
   "id": "c601600d-2fa5-46fc-9d93-4e71021241bd",
   "metadata": {},
   "outputs": [
    {
     "name": "stdout",
     "output_type": "stream",
     "text": [
      "[40189 59118 75773 93810 41899 96886 41267 71551 90680 51394 43556 43890\n",
      " 81606 70740 54502 61777 50627 48792 83323 83021 48433 83001 51016 63897\n",
      " 42612 96193 98707 95387 94638 63483]\n"
     ]
    }
   ],
   "source": [
    "aSalario = a[:,2]\n",
    "print (aSalario)"
   ]
  },
  {
   "cell_type": "markdown",
   "id": "c000240d-2fa7-423e-a029-08397d0d41d0",
   "metadata": {},
   "source": [
    "Concatenar o dataset com um array de bônus (por exemplo, uma nova coluna)"
   ]
  },
  {
   "cell_type": "code",
   "execution_count": 6,
   "id": "85583708-230d-4ca1-9004-22194e3277d5",
   "metadata": {},
   "outputs": [
    {
     "name": "stdout",
     "output_type": "stream",
     "text": [
      "[[    1    58 40189     7]\n",
      " [    2    48 59118     8]\n",
      " [    3    34 75773    14]\n",
      " [    4    27 93810    17]\n",
      " [    5    40 41899     4]\n",
      " [    6    58 96886     2]\n",
      " [    7    38 41267     6]\n",
      " [    8    42 71551     4]\n",
      " [    9    30 90680    29]\n",
      " [   10    30 51394    18]\n",
      " [   11    43 43556    26]\n",
      " [   12    55 43890    34]\n",
      " [   13    59 81606    10]\n",
      " [   14    43 70740    14]\n",
      " [   15    22 54502    31]\n",
      " [   16    41 61777    15]\n",
      " [   17    21 50627     8]\n",
      " [   18    43 48792    14]\n",
      " [   19    49 83323    23]\n",
      " [   20    57 83021    21]\n",
      " [   21    21 48433    16]\n",
      " [   22    40 83001    18]\n",
      " [   23    52 51016    24]\n",
      " [   24    31 63897    26]\n",
      " [   25    41 42612    25]\n",
      " [   26    44 96193    29]\n",
      " [   27    46 98707    15]\n",
      " [   28    47 95387     1]\n",
      " [   29    35 94638    25]\n",
      " [   30    34 63483     7]\n",
      " [   -1    56 40187     5]\n",
      " [    0    46 59116     6]\n",
      " [    1    32 75771    12]\n",
      " [    2    25 93808    15]\n",
      " [    3    38 41897     2]\n",
      " [    4    56 96884     0]\n",
      " [    5    36 41265     4]\n",
      " [    6    40 71549     2]\n",
      " [    7    28 90678    27]\n",
      " [    8    28 51392    16]\n",
      " [    9    41 43554    24]\n",
      " [   10    53 43888    32]\n",
      " [   11    57 81604     8]\n",
      " [   12    41 70738    12]\n",
      " [   13    20 54500    29]\n",
      " [   14    39 61775    13]\n",
      " [   15    19 50625     6]\n",
      " [   16    41 48790    12]\n",
      " [   17    47 83321    21]\n",
      " [   18    55 83019    19]\n",
      " [   19    19 48431    14]\n",
      " [   20    38 82999    16]\n",
      " [   21    50 51014    22]\n",
      " [   22    29 63895    24]\n",
      " [   23    39 42610    23]\n",
      " [   24    42 96191    27]\n",
      " [   25    44 98705    13]\n",
      " [   26    45 95385    -1]\n",
      " [   27    33 94636    23]\n",
      " [   28    32 63481     5]]\n"
     ]
    }
   ],
   "source": [
    "b = [(a[i]-2) for i in range(len(a))]\n",
    "ab = np.concatenate((a,b))\n",
    "print (ab)"
   ]
  },
  {
   "cell_type": "markdown",
   "id": "fedc1872-dfcb-4d77-a442-6d6120bf556e",
   "metadata": {},
   "source": [
    "Transpor o dataset"
   ]
  },
  {
   "cell_type": "code",
   "execution_count": 7,
   "id": "5d62d782-e65e-4163-9dea-18ded2992ca2",
   "metadata": {},
   "outputs": [
    {
     "name": "stdout",
     "output_type": "stream",
     "text": [
      "[[    1     2     3     4     5     6     7     8     9    10    11    12\n",
      "     13    14    15    16    17    18    19    20    21    22    23    24\n",
      "     25    26    27    28    29    30]\n",
      " [   58    48    34    27    40    58    38    42    30    30    43    55\n",
      "     59    43    22    41    21    43    49    57    21    40    52    31\n",
      "     41    44    46    47    35    34]\n",
      " [40189 59118 75773 93810 41899 96886 41267 71551 90680 51394 43556 43890\n",
      "  81606 70740 54502 61777 50627 48792 83323 83021 48433 83001 51016 63897\n",
      "  42612 96193 98707 95387 94638 63483]\n",
      " [    7     8    14    17     4     2     6     4    29    18    26    34\n",
      "     10    14    31    15     8    14    23    21    16    18    24    26\n",
      "     25    29    15     1    25     7]]\n"
     ]
    }
   ],
   "source": [
    "aTransposta = a.T\n",
    "print (aTransposta)"
   ]
  },
  {
   "cell_type": "markdown",
   "id": "cb62f07f-ba7a-49cc-817b-b83c6a59cab7",
   "metadata": {},
   "source": [
    "Calcular a soma dos salários"
   ]
  },
  {
   "cell_type": "code",
   "execution_count": 8,
   "id": "831bccc5-f6fe-4b46-a86f-7d8177b7819a",
   "metadata": {},
   "outputs": [
    {
     "name": "stdout",
     "output_type": "stream",
     "text": [
      "2021768\n"
     ]
    }
   ],
   "source": [
    "somaSalarios = a[:,2].sum()\n",
    "print (somaSalarios)"
   ]
  },
  {
   "cell_type": "markdown",
   "id": "1550ab1a-316b-4d64-b57b-87cb603c2233",
   "metadata": {},
   "source": [
    "Calcular a média dos anos de experiência"
   ]
  },
  {
   "cell_type": "code",
   "execution_count": 9,
   "id": "a9b492a4-3647-42cd-aef8-0d0f732c2af5",
   "metadata": {},
   "outputs": [
    {
     "name": "stdout",
     "output_type": "stream",
     "text": [
      "16.366666666666667\n"
     ]
    }
   ],
   "source": [
    "mediaExp = (a[:,3].sum())/30\n",
    "print (mediaExp)"
   ]
  },
  {
   "cell_type": "markdown",
   "id": "ab808886-52c9-4c3c-be9c-a7c08dff0060",
   "metadata": {},
   "source": [
    "Calcular o desvio padrão das idades"
   ]
  },
  {
   "cell_type": "code",
   "execution_count": 10,
   "id": "1b64ace0-42dd-402a-85c3-86c933ba92cc",
   "metadata": {},
   "outputs": [
    {
     "name": "stdout",
     "output_type": "stream",
     "text": [
      "10.824303929378349\n"
     ]
    }
   ],
   "source": [
    "desvioPadrao = np.std (a[:,1])\n",
    "print(desvioPadrao)"
   ]
  },
  {
   "cell_type": "markdown",
   "id": "3d8adcb1-3fbe-40d3-979f-1133f3e69f6f",
   "metadata": {},
   "source": [
    "Multiplicar o salário e os anos de experiência de cada funcionário"
   ]
  },
  {
   "cell_type": "code",
   "execution_count": 11,
   "id": "77757c2f-e4e5-4639-8c3d-603bbfeef709",
   "metadata": {},
   "outputs": [
    {
     "name": "stdout",
     "output_type": "stream",
     "text": [
      "[281323, 472944, 1060822, 1594770, 167596, 193772, 247602, 286204, 2629720, 925092, 1132456, 1492260, 816060, 990360, 1689562, 926655, 405016, 683088, 1916429, 1743441, 774928, 1494018, 1224384, 1661322, 1065300, 2789597, 1480605, 95387, 2365950, 444381]\n"
     ]
    }
   ],
   "source": [
    "salExp = [(a[i,2]*a[i,3]) for i in range(len(a))]\n",
    "print (salExp)"
   ]
  },
  {
   "cell_type": "markdown",
   "id": "b359090f-6bd0-46f2-9ca0-dd8f1a964f8f",
   "metadata": {},
   "source": [
    "Calcular o produto da matriz transposta do dataset com ela mesma"
   ]
  },
  {
   "cell_type": "code",
   "execution_count": 12,
   "id": "a53c844b-74dd-41c7-a666-36bc2bd135c0",
   "metadata": {},
   "outputs": [
    {
     "name": "stdout",
     "output_type": "stream",
     "text": [
      "[[ 1615159135 -1919071152 -1249724126  -524835517  1683881264  -401212458\n",
      "   1658481716 -1419401685  -650626824  2065475342  1750474771  1763898650\n",
      "  -1015300257 -1451994830 -2104584910 -1812208944  2034649794  1960904298\n",
      "   -946296227  -958432854  1946475188  -959237639  2050285231 -1727008759\n",
      "   1712536246  -429064038  -328028873  -461456392  -491558480 -1743646958]\n",
      " [-1919071152  -800027000   184582668  1250893724 -1817980252  1432742064\n",
      "  -1855342904   -65013214  1065854634 -1256655200 -1720021394 -1700275340\n",
      "    529419150  -112957772 -1072916726  -642832490 -1301999204 -1410479628\n",
      "    630924392   613071126 -1431704024   611887930 -1279000674  -517502706\n",
      "  -1775828862  1391772874  1540395512  1344123690  1299843926  -541977554]\n",
      " [-1249724126   184582668  1446581594 -1481668294 -1120152938 -1248589696\n",
      "  -1168041508  1126668135 -1718837499  -400688432  -994596649  -969287944\n",
      "   1888566327  1065216424  -165186023   386062977  -458806748  -597849368\n",
      "   2018668428  1995785229  -625052586  1994269155  -429329755   546701575\n",
      "  -1066126401 -1301100423 -1110607226 -1362173745 -1418927791   515331407]\n",
      " [ -524835517  1250893724 -1481668294   210382542  -364420938   498942692\n",
      "   -423708870 -1877734048   -83242453   526305000  -208977289  -177644285\n",
      "   -934473917 -1953813737   817866505  1500334500   454352345   282211695\n",
      "   -773402172  -801732606   248533357  -803609308   490845568  1699211649\n",
      "   -297533944   433932523   669770683   358321276   288057674  1660374091]\n",
      " [ 1683881264 -1817980252 -1120152938  -364420938  1755527842  -235538424\n",
      "   1729047612 -1297050211  -495564615 -2141608768  1824954723  1838949506\n",
      "   -875755037 -1331030190 -2011386919 -1706570993  2121221630  2044337874\n",
      "   -803814772  -816467953  2029295276  -817306615  2137521675 -1617745429\n",
      "   1785402053  -264574783  -159240668  -298345359  -329728089 -1635091541]\n",
      " [ -401212458  1432742064 -1248589696   498942692  -235538424   796965808\n",
      "   -296770476 -1657641914   195689740   684393624   -74998068   -42637426\n",
      "   -683452156 -1736216346   985514904  1690361630   610081562   432297046\n",
      "   -517099412  -546358518   397513718  -548297218   647772082  1895759440\n",
      "   -166458486   729823172   973394670   651733186   579164930  1855648808]\n",
      " [ 1658481716 -1855342904 -1168041508  -423708870  1729047612  -296770476\n",
      "   1702966818 -1342270503  -552874359  2120877516  1797427319  1811211008\n",
      "   -927330101 -1375737900 -2045832135 -1745614077  2089225374  2013501308\n",
      "   -856474922  -868937257  1998685652  -869763247  2105279553 -1658128295\n",
      "   1758471287  -325368737  -221623500  -358629979  -389539267 -1675212791]\n",
      " [-1419401685   -65013214  1126668135 -1877734048 -1297050211 -1657641914\n",
      "  -1342270503   824580149 -2101688464  -617673790 -1178489942 -1154591364\n",
      "   1544026232   766552418  -395293526   125240741  -672553769  -803848898\n",
      "   1666878979  1645270913  -829536599  1643839183  -644719016   276928549\n",
      "  -1246034062 -1707227077 -1527347827 -1764897153 -1818489252   247306533]\n",
      " [ -650626824  1065854634 -1718837499   -83242453  -495564615   195689740\n",
      "   -552874359 -2101688464  -367070370   365442136  -345307073  -315019352\n",
      "  -1189900335  2119737726   647275758  1306972873   295890079   129493122\n",
      "  -1034202644 -1061587813    96938427 -1063401992   331166047  1499214564\n",
      "   -430908956   132849043   360818226    59760259    -8158716  1461672637]\n",
      " [ 2065475342 -1256655200  -400688432   526305000 -2141608768   684393624\n",
      "   2120877516  -617673790   365442136 -1653622736 -2056448364 -2039282254\n",
      "   -100906452  -659354054 -1493890140 -1119998498 -1693042314 -1787349526\n",
      "    -12662960   -28183734 -1805800566   -29212158 -1673048770 -1011043240\n",
      "  -2104964238   648777848   777982182   607353890   568859866 -1032320548]\n",
      " [ 1750474771 -1720021394  -994596649  -208977289  1824954723   -74998068\n",
      "   1797427319 -1178489942  -345307073 -2056448364  1897127782  1911676221\n",
      "   -740533420 -1213813489 -1921076267 -1604205955 -2089856386  2125186763\n",
      "   -665747794  -678901403  2109549298  -679773310 -2072911287 -1511867291\n",
      "   1856010960  -105182056     4317461  -140288769  -172912094 -1529899774]\n",
      " [ 1763898650 -1700275340  -969287944  -177644285  1838949506   -42637426\n",
      "   1811211008 -1154591364  -315019352 -2039282254  1911676221  1926336425\n",
      "   -713276215 -1190185687 -1902872072 -1583571809 -2072946635  2141483937\n",
      "   -637917121  -651171517  2125726321  -652050330 -2055871104 -1490525089\n",
      "   1870244085   -73052808    37286298  -108428911  -141302353 -1508695958]\n",
      " [-1015300257   529419150  1888566327  -934473917  -875755037  -683452156\n",
      "   -927330101  1544026232 -1189900335  -100906452  -740533420  -713276215\n",
      "  -1930391606  1477844003   152724719   746409343  -163498794  -313244433\n",
      "  -1790274486 -1814919033  -342542226 -1816552160  -131751993   919413687\n",
      "   -817569430  -740005410  -534847935  -805779923  -866903272   885628868]\n",
      " [-1451994830  -112957772  1065216424 -1953813737 -1331030190 -1736216346\n",
      "  -1375737900   766552418  2119737726  -659354054 -1213813489 -1190185687\n",
      "   1477844003   709182545  -439494226    75139881  -713612063  -843418919\n",
      "   1599304419  1577941269  -868815455  1576525724  -686092562   225108517\n",
      "  -1280591953 -1785239110 -1607398846 -1842255785 -1895240211   195822104]\n",
      " [-2104584910 -1072916726  -165186023   817866505 -2011386919   985514904\n",
      "  -2045832135  -395293526   647275758 -1493890140 -1921076267 -1902872072\n",
      "    152724719  -439494226 -1324497622  -927995635 -1535693577 -1635704062\n",
      "    246304926   229845451 -1655270657   228754974 -1514491031  -812451154\n",
      "  -1972526020   947745847  1084763500   903816463   862994960  -835015415]\n",
      " [-1812208944  -642832490   386062977  1500334500 -1706570993  1690361630\n",
      "  -1745614077   125240741  1306972873 -1119998498 -1604205955 -1583571809\n",
      "    746409343    75139881  -927995635  -478567405 -1167381864 -1280741651\n",
      "    852480333   833823993 -1302920418   832587743 -1143349004  -347600282\n",
      "  -1662523316  1647550320  1802857586  1597757793  1551486704  -373176026]\n",
      " [ 2034649794 -1301999204  -458806748   454352345  2121221630   610081562\n",
      "   2089225374  -672553769   295890079 -1693042314 -2089856386 -2072946635\n",
      "   -163498794  -713612063 -1535693577 -1167381864 -1731873373 -1824773391\n",
      "    -76572239   -91861424 -1842948879   -92874311 -1712178589 -1060052610\n",
      "  -2137648086   574997313   702273538   534191824   496272158 -1081012175]\n",
      " [ 1960904298 -1410479628  -597849368   282211695  2044337874   432297046\n",
      "   2013501308  -803848898   129493122 -1787349526  2125186763  2141483937\n",
      "   -313244433  -843418919 -1635704062 -1280741651 -1824773391 -1914305663\n",
      "   -229468709  -244203559 -1931822855  -245180136 -1805791638 -1177302743\n",
      "   2079127267   398484326   521147322   359157747   322612377 -1197502660]\n",
      " [ -946296227   630924392  2018668428  -773402172  -803814772  -517099412\n",
      "   -856474922  1666878979 -1034202644   -12662960  -665747794  -637917121\n",
      "  -1790274486  1599304419   246304926   852480333   -76572239  -229468709\n",
      "  -1647208972 -1672372153  -259382641 -1674039477   -44157591  1029125008\n",
      "   -744404561  -574841936  -365368119  -642000733  -704409677   994629110]\n",
      " [ -958432854   613071126  1995785229  -801732606  -816467953  -546358518\n",
      "   -868937257  1645270913 -1061587813   -28183734  -678901403  -651171517\n",
      "  -1814919033  1577941269   229845451   833823993   -91861424  -244203559\n",
      "  -1672372153 -1697444061  -274009250 -1699105473   -59564032  1009828334\n",
      "   -757273082  -603891902  -395177268  -670807205  -732990094   975457532]\n",
      " [ 1946475188 -1431704024  -625052586   248533357  2029295276   397513718\n",
      "   1998685652  -829536599    96938427 -1805800566  2109549298  2125726321\n",
      "   -342542226  -868815455 -1655270657 -1302920418 -1842948879 -1931822855\n",
      "   -259382641  -274009250 -1949210669  -274978273 -1824107409 -1200242324\n",
      "   2063828782   363950207   485710608   324912866   288636702 -1220293701]\n",
      " [ -959237639   611887930  1994269155  -803609308  -817306615  -548297218\n",
      "   -869763247  1643839183 -1063401992   -29212158  -679773310  -652050330\n",
      "  -1816552160  1576525724   228754974   832587743   -92874311  -245180136\n",
      "  -1674039477 -1699105473  -274978273 -1700766183   -60585262  1008549837\n",
      "   -758126044  -605816545  -397152181  -672715691  -734883466   974187333]\n",
      " [ 2050285231 -1279000674  -429329755   490845568  2137521675   647772082\n",
      "   2105279553  -644719016   331166047 -1673048770 -2072911287 -2055871104\n",
      "   -131751993  -686092562 -1514491031 -1143349004 -1712178589 -1805791638\n",
      "    -44157591   -59564032 -1824107409   -60585262 -1692331231 -1035195156\n",
      "  -2121070197   612418374   740672389   571299008   533087999 -1056315942]\n",
      " [-1727008759  -517502706   546701575  1699211649 -1617745429  1895759440\n",
      "  -1658128295   276928549  1499214564 -1011043240 -1511867291 -1490525089\n",
      "    919413687   225108517  -812451154  -347600282 -1060052610 -1177302743\n",
      "   1029125008  1009828334 -1200242324  1008549837 -1035195156  -212138474\n",
      "  -1572185811  1851479567  2012116347  1799977998  1752119421  -238592089]\n",
      " [ 1712536246 -1775828862 -1066126401  -297533944  1785402053  -166458486\n",
      "   1758471287 -1246034062  -430908956 -2104964238  1856010960  1870244085\n",
      "   -817569430 -1280591953 -1972526020 -1662523316 -2137648086  2079127267\n",
      "   -744404561  -757273082  2063828782  -758126044 -2121070197 -1572185811\n",
      "   1815785475  -195988001   -88861676  -230333800  -262250055 -1589827381]\n",
      " [ -429064038  1391772874 -1301100423   433932523  -264574783   729823172\n",
      "   -325368737 -1707227077   132849043   648777848  -105182056   -73052808\n",
      "   -740005410 -1785239110   947745847  1647550320   574997313   398484326\n",
      "   -574841936  -603891902   363950207  -605816545   612418374  1851479567\n",
      "   -195988001   663162110   904991020   585629924   513581561  1811655402]\n",
      " [ -328028873  1540395512 -1110607226   669770683  -159240668   973394670\n",
      "   -221623500 -1527347827   360818226   777982182     4317461    37286298\n",
      "   -534847935 -1607398846  1084763500  1802857586   702273538   521147322\n",
      "   -365368119  -395177268   485710608  -397152181   740672389  2012116347\n",
      "    -88861676   904991020  1153140327   825432950   751501242  1971251664]\n",
      " [ -461456392  1344123690 -1362173745   358321276  -298345359   651733186\n",
      "   -358629979 -1764897153    59760259   607353890  -140288769  -108428911\n",
      "   -805779923 -1842255785   903816463  1597757793   534191824   359157747\n",
      "   -642000733  -670807205   324912866  -672715691   571299008  1799977998\n",
      "   -230333800   585629924   825432950   508748171   437302796  1760488070]\n",
      " [ -491558480  1299843926 -1418927791   288057674  -329728089   579164930\n",
      "   -389539267 -1818489252    -8158716   568859866  -172912094  -141302353\n",
      "   -866903272 -1895240211   862994960  1551486704   496272158   322612377\n",
      "   -704409677  -732990094   288636702  -734883466   533087999  1752119421\n",
      "   -262250055   513581561   751501242   437302796   366419143  1712939093]\n",
      " [-1743646958  -541977554   515331407  1660374091 -1635091541  1855648808\n",
      "  -1675212791   247306533  1461672637 -1032320548 -1529899774 -1508695958\n",
      "    885628868   195822104  -835015415  -373176026 -1081012175 -1197502660\n",
      "    994629110   975457532 -1220293701   974187333 -1056315942  -238592089\n",
      "  -1589827381  1811655402  1971251664  1760488070  1712939093  -264873902]]\n"
     ]
    }
   ],
   "source": [
    "transProd = np.matmul (a,aTransposta)\n",
    "print (transProd)"
   ]
  },
  {
   "cell_type": "markdown",
   "id": "0d043b6c-dd8c-487e-bf86-2a5d2b64c7b6",
   "metadata": {},
   "source": [
    "Filtrar funcionários com salários maiores que 60.000"
   ]
  },
  {
   "cell_type": "code",
   "execution_count": 13,
   "id": "e158b57d-88d5-40dc-88dd-a954f2a9ffe8",
   "metadata": {},
   "outputs": [
    {
     "name": "stdout",
     "output_type": "stream",
     "text": [
      "[40189     7    48     8     3     4    27    17 41899     4    58     2\n",
      "    38 41267     6     8    42]\n"
     ]
    }
   ],
   "source": [
    "func60mais = np.extract(a[:,2]>=60000, a)\n",
    "print (func60mais)"
   ]
  },
  {
   "cell_type": "markdown",
   "id": "f5b8f3a3-cecd-40f3-833d-3da91251c142",
   "metadata": {},
   "source": [
    "Ordenar o dataset pelo salário"
   ]
  },
  {
   "cell_type": "code",
   "execution_count": 14,
   "id": "8c281976-02a6-4ec4-bf72-e3baf06b9fc7",
   "metadata": {},
   "outputs": [
    {
     "name": "stdout",
     "output_type": "stream",
     "text": [
      "[[    1    58 40189     7]\n",
      " [    7    38 41267     6]\n",
      " [    5    40 41899     4]\n",
      " [   25    41 42612    25]\n",
      " [   11    43 43556    26]\n",
      " [   12    55 43890    34]\n",
      " [   21    21 48433    16]\n",
      " [   18    43 48792    14]\n",
      " [   17    21 50627     8]\n",
      " [   23    52 51016    24]\n",
      " [   10    30 51394    18]\n",
      " [   15    22 54502    31]\n",
      " [    2    48 59118     8]\n",
      " [   16    41 61777    15]\n",
      " [   30    34 63483     7]\n",
      " [   24    31 63897    26]\n",
      " [   14    43 70740    14]\n",
      " [    8    42 71551     4]\n",
      " [    3    34 75773    14]\n",
      " [   13    59 81606    10]\n",
      " [   22    40 83001    18]\n",
      " [   20    57 83021    21]\n",
      " [   19    49 83323    23]\n",
      " [    9    30 90680    29]\n",
      " [    4    27 93810    17]\n",
      " [   29    35 94638    25]\n",
      " [   28    47 95387     1]\n",
      " [   26    44 96193    29]\n",
      " [    6    58 96886     2]\n",
      " [   27    46 98707    15]]\n"
     ]
    }
   ],
   "source": [
    "aOrdenadoSal = a[a[:,2].argsort()]\n",
    "print (aOrdenadoSal)"
   ]
  },
  {
   "cell_type": "markdown",
   "id": "b122ebf2-68a8-47e1-8815-54a47bdc3b37",
   "metadata": {},
   "source": [
    "Criar uma cópia do dataset"
   ]
  },
  {
   "cell_type": "code",
   "execution_count": 15,
   "id": "4e04cd9e-8332-4062-bacf-d59170660165",
   "metadata": {},
   "outputs": [
    {
     "name": "stdout",
     "output_type": "stream",
     "text": [
      "[[    1    58 40189     7]\n",
      " [    2    48 59118     8]\n",
      " [    3    34 75773    14]\n",
      " [    4    27 93810    17]\n",
      " [    5    40 41899     4]\n",
      " [    6    58 96886     2]\n",
      " [    7    38 41267     6]\n",
      " [    8    42 71551     4]\n",
      " [    9    30 90680    29]\n",
      " [   10    30 51394    18]\n",
      " [   11    43 43556    26]\n",
      " [   12    55 43890    34]\n",
      " [   13    59 81606    10]\n",
      " [   14    43 70740    14]\n",
      " [   15    22 54502    31]\n",
      " [   16    41 61777    15]\n",
      " [   17    21 50627     8]\n",
      " [   18    43 48792    14]\n",
      " [   19    49 83323    23]\n",
      " [   20    57 83021    21]\n",
      " [   21    21 48433    16]\n",
      " [   22    40 83001    18]\n",
      " [   23    52 51016    24]\n",
      " [   24    31 63897    26]\n",
      " [   25    41 42612    25]\n",
      " [   26    44 96193    29]\n",
      " [   27    46 98707    15]\n",
      " [   28    47 95387     1]\n",
      " [   29    35 94638    25]\n",
      " [   30    34 63483     7]]\n"
     ]
    }
   ],
   "source": [
    "aCopy = a.copy()\n",
    "print (aCopy)"
   ]
  }
 ],
 "metadata": {
  "kernelspec": {
   "display_name": "Python 3 (ipykernel)",
   "language": "python",
   "name": "python3"
  },
  "language_info": {
   "codemirror_mode": {
    "name": "ipython",
    "version": 3
   },
   "file_extension": ".py",
   "mimetype": "text/x-python",
   "name": "python",
   "nbconvert_exporter": "python",
   "pygments_lexer": "ipython3",
   "version": "3.12.4"
  }
 },
 "nbformat": 4,
 "nbformat_minor": 5
}
